End of QA
Julian Allen
Unknown Analyst
Matt McCall
Kathryn Thompson
Robert Colon
Raj Mehan
Peter Van Roden
Matthew McCall
Bobby Griffin
A Jim Keane
James Hackett
David C. Sylvester
Jim Hackett
Mark Mossing
Josh Borstein
Operator
Joshua Borstein
David S. MacGregor
Peter van Roden
Robert Griffin
Dave Sylvester 
Brian Biros
Steven Ramsey
Matthew Schon McCall
Steve Ramsey
John Sullivan
Barry Haimes
Davis Paddock
Chad Bolen
Jack unintelligible
Unknown Analyst 
Bud Bugatch
Michael OMeara
Greg Burns
Jeffrey Matthews
James Chang
Mark Rupe
Stuart Linde
Todd Schwartzman
Todd A. Schwartzman
Patrick Kirksey
Reuben Garner
Mike O'Meara
Donald Carson
James P. Hackett
William Dezellem
Jeff Matthews
Unknown Executive
A Dave Sylvester
Josh Borstein4
Katherine West
Michael O'Meara
James P. Keane
Matthew S. McCall
Mark T. Mossing
Leah Villalobos
Jim Keane
Bill Dezellem
James Patrick Hackett
Steve Teller
Sara Armbruster
David Sylvester
Jack C. Stimac
Budd Bugatch
Dave Sylvester
Unidentified Analyst
Rudy Yang
James Keane
Terry Lenhardt
Mike OMeara
 
